0,0,0,0,0,0,0
-0.00035775,-0.0019903,0.00061276,0.52752,-0.00038518,-0.0019338,-0.00032357
-0.0010718,-0.005915,0.0018222,0.53526,-0.0011564,-0.0057453,-0.00095315
-0.002138,-0.011672,0.0035878,0.54661,-0.0023133,-0.011333,-0.0018463
-0.0031767,-0.01715,0.0052511,0.5574,-0.0034454,-0.016647,-0.0026528
-0.0041884,-0.022373,0.0068206,0.5677,-0.0045509,-0.021711,-0.0033834
-0.0051737,-0.027364,0.008304,0.57753,-0.0056288,-0.026547,-0.0040473
-0.0061334,-0.03214,0.0097081,0.58694,-0.0066786,-0.031172,-0.0046523
-0.0070682,-0.036719,0.011039,0.59596,-0.0077003,-0.035604,-0.0052051
-0.0079789,-0.041115,0.012303,0.60462,-0.008694,-0.039856,-0.0057114
-0.0088663,-0.045339,0.013504,0.61294,-0.0096602,-0.04394,-0.0061763
-0.0097311,-0.049404,0.014647,0.62094,-0.010599,-0.047868,-0.006604
-0.010574,-0.053319,0.015736,0.62865,-0.011512,-0.051649,-0.0069984
-0.011396,-0.057094,0.016776,0.63608,-0.012399,-0.055292,-0.0073627
-0.012197,-0.060736,0.017768,0.64325,-0.013261,-0.058806,-0.0076998
-0.012979,-0.064253,0.018717,0.65017,-0.014099,-0.062198,-0.0080122
-0.013741,-0.067651,0.019625,0.65686,-0.014913,-0.065474,-0.0083023
-0.014485,-0.070938,0.020495,0.66333,-0.015705,-0.068641,-0.0085721
-0.015211,-0.074117,0.021329,0.66958,-0.016475,-0.071703,-0.0088232
-0.015919,-0.077196,0.022129,0.67564,-0.017223,-0.074667,-0.0090574
-0.01661,-0.080178,0.022898,0.68151,-0.017951,-0.077536,-0.009276
-0.017882,-0.085634,0.024294,0.69224,-0.019289,-0.082784,-0.0096622
-0.019119,-0.090875,0.025614,0.70254,-0.020581,-0.08782,-0.010009
-0.020324,-0.095915,0.026865,0.71245,-0.021832,-0.09266,-0.010321
-0.021497,-0.10077,0.028053,0.72199,-0.023041,-0.097317,-0.010602
-0.022641,-0.10544,0.029181,0.73118,-0.024212,-0.1018,-0.010857
-0.023755,-0.10995,0.030256,0.74004,-0.025346,-0.10612,-0.011087
-0.024842,-0.11431,0.03128,0.74859,-0.026444,-0.11029,-0.011295
-0.025902,-0.11851,0.032258,0.75686,-0.027509,-0.11432,-0.011484
-0.026937,-0.12258,0.033192,0.76484,-0.028541,-0.11821,-0.011656
-0.027946,-0.12651,0.034085,0.77256,-0.029543,-0.12196,-0.011811
-0.028931,-0.13032,0.034941,0.78004,-0.030515,-0.1256,-0.011953
-0.029892,-0.13401,0.035761,0.78728,-0.031459,-0.12912,-0.012082
-0.030832,-0.13758,0.036548,0.79429,-0.032375,-0.13253,-0.0122
-0.031749,-0.14105,0.037303,0.80108,-0.033266,-0.13583,-0.012307
-0.032644,-0.14441,0.038029,0.80767,-0.034132,-0.13903,-0.012404
-0.03352,-0.14767,0.038727,0.81407,-0.034973,-0.14214,-0.012493
-0.034375,-0.15083,0.039399,0.82027,-0.035792,-0.14515,-0.012574
-0.035211,-0.1539,0.040046,0.8263,-0.036588,-0.14807,-0.012648
-0.036028,-0.15689,0.04067,0.83215,-0.037363,-0.15091,-0.012715
-0.036826,-0.15979,0.041272,0.83784,-0.038118,-0.15366,-0.012775
-0.037607,-0.16261,0.041852,0.84336,-0.038852,-0.15634,-0.012831
-0.03837,-0.16535,0.042412,0.84873,-0.039568,-0.15894,-0.012881
-0.039117,-0.16802,0.042953,0.85396,-0.040265,-0.16147,-0.012926
-0.039847,-0.17061,0.043476,0.85904,-0.040944,-0.16393,-0.012968
-0.040561,-0.17314,0.043982,0.86398,-0.041606,-0.16633,-0.013005
-0.041259,-0.17559,0.044471,0.86879,-0.042251,-0.16865,-0.013038
-0.041943,-0.17799,0.044944,0.87348,-0.04288,-0.17092,-0.013068
-0.042611,-0.18032,0.045402,0.87804,-0.043494,-0.17312,-0.013095
-0.043265,-0.18259,0.045846,0.88248,-0.044092,-0.17527,-0.01312
-0.043905,-0.1848,0.046276,0.8868,-0.044676,-0.17736,-0.013141
-0.044531,-0.18695,0.046693,0.89102,-0.045246,-0.1794,-0.01316
-0.04591,-0.19169,0.047607,0.90029,-0.046501,-0.18387,-0.013198
-0.047258,-0.19628,0.048482,0.90926,-0.047719,-0.1882,-0.013227
-0.048574,-0.20072,0.049321,0.91795,-0.048903,-0.1924,-0.013247
-0.049861,-0.20503,0.050125,0.92637,-0.050054,-0.19645,-0.013259
-0.051119,-0.20921,0.050898,0.93453,-0.051173,-0.20039,-0.013265
-0.052349,-0.21327,0.051641,0.94245,-0.052262,-0.2042,-0.013265
-0.053552,-0.2172,0.052355,0.95013,-0.053322,-0.20789,-0.013259
-0.054728,-0.22102,0.053042,0.95758,-0.054353,-0.21148,-0.013248
-0.055878,-0.22473,0.053705,0.96482,-0.055358,-0.21496,-0.013234
-0.057003,-0.22833,0.054343,0.97185,-0.056336,-0.21834,-0.013215
-0.058104,-0.23184,0.054959,0.97868,-0.05729,-0.22162,-0.013193
-0.059181,-0.23524,0.055553,0.98533,-0.058219,-0.2248,-0.013168
-0.060235,-0.23856,0.056126,0.99178,-0.059126,-0.2279,-0.01314
-0.061267,-0.24178,0.05668,0.99806,-0.06001,-0.23091,-0.01311
-0.062276,-0.24492,0.057216,1.0042,-0.060872,-0.23384,-0.013078
-0.063264,-0.24797,0.057734,1.0101,-0.061714,-0.23669,-0.013044
-0.064232,-0.25094,0.058235,1.0159,-0.062535,-0.23946,-0.013008
-0.065178,-0.25383,0.058721,1.0215,-0.063336,-0.24215,-0.012971
-0.066105,-0.25665,0.05919,1.027,-0.064119,-0.24477,-0.012932
-0.067013,-0.2594,0.059646,1.0324,-0.064883,-0.24733,-0.012892
-0.067901,-0.26207,0.060087,1.0376,-0.065629,-0.24981,-0.012852
-0.068771,-0.26468,0.060514,1.0426,-0.066358,-0.25224,-0.01281
-0.069623,-0.26722,0.060929,1.0476,-0.06707,-0.25459,-0.012768
-0.070457,-0.2697,0.061331,1.0524,-0.067766,-0.25689,-0.012726
-0.071274,-0.27211,0.061721,1.0571,-0.068446,-0.25913,-0.012682
-0.072074,-0.27447,0.0621,1.0616,-0.069111,-0.26131,-0.012639
-0.072857,-0.27677,0.062468,1.0661,-0.06976,-0.26344,-0.012595
-0.073625,-0.27901,0.062825,1.0705,-0.070395,-0.26552,-0.012551
-0.074376,-0.28119,0.063173,1.0747,-0.071016,-0.26754,-0.012507
-0.075112,-0.28333,0.06351,1.0788,-0.071623,-0.26951,-0.012462
-0.075833,-0.28541,0.063838,1.0829,-0.072217,-0.27143,-0.012418
-0.076539,-0.28744,0.064156,1.0868,-0.072797,-0.27331,-0.012374
-0.077231,-0.28942,0.064466,1.0907,-0.073365,-0.27514,-0.01233
-0.077909,-0.29136,0.064768,1.0944,-0.07392,-0.27693,-0.012286
-0.078573,-0.29325,0.065061,1.0981,-0.074464,-0.27867,-0.012242
-0.079223,-0.2951,0.065347,1.1017,-0.074995,-0.28037,-0.012198
-0.07986,-0.2969,0.065625,1.1052,-0.075515,-0.28203,-0.012155
-0.080484,-0.29866,0.065895,1.1086,-0.076024,-0.28365,-0.012111
-0.081096,-0.30038,0.066158,1.1119,-0.076522,-0.28524,-0.012068
-0.081695,-0.30206,0.066415,1.1152,-0.077009,-0.28678,-0.012026
-0.082282,-0.3037,0.066664,1.1183,-0.077485,-0.28829,-0.011984
-0.083772,-0.30787,0.067297,1.1264,-0.078696,-0.29212,-0.011875
-0.085231,-0.31192,0.067908,1.1342,-0.079879,-0.29584,-0.011766
-0.086661,-0.31587,0.068498,1.1419,-0.081034,-0.29945,-0.011656
-0.088061,-0.3197,0.069068,1.1493,-0.082163,-0.30296,-0.011546
-0.089432,-0.32344,0.069619,1.1565,-0.083267,-0.30637,-0.011435
-0.090776,-0.32707,0.070152,1.1635,-0.084345,-0.30969,-0.011325
-0.092092,-0.33061,0.070668,1.1704,-0.0854,-0.31292,-0.011214
-0.093381,-0.33406,0.071167,1.177,-0.086431,-0.31606,-0.011104
-0.094645,-0.33741,0.071651,1.1835,-0.08744,-0.31912,-0.010994
-0.095883,-0.34069,0.072119,1.1898,-0.088427,-0.32209,-0.010885
-0.097096,-0.34387,0.072573,1.1959,-0.089392,-0.32499,-0.010776
-0.098284,-0.34698,0.073014,1.2019,-0.090337,-0.32781,-0.010668
-0.099449,-0.35001,0.073441,1.2078,-0.091261,-0.33055,-0.01056
-0.10059,-0.35297,0.073855,1.2134,-0.092166,-0.33323,-0.010454
-0.10171,-0.35585,0.074257,1.219,-0.093052,-0.33584,-0.010348
-0.10281,-0.35866,0.074647,1.2244,-0.093918,-0.33838,-0.010243
-0.10388,-0.3614,0.075026,1.2297,-0.094767,-0.34085,-0.01014
-0.10493,-0.36408,0.075394,1.2348,-0.095598,-0.34326,-0.010037
-0.10596,-0.36669,0.075751,1.2398,-0.096412,-0.34562,-0.0099352
-0.10698,-0.36923,0.076099,1.2447,-0.097208,-0.34791,-0.0098346
-0.10797,-0.37172,0.076436,1.2495,-0.097988,-0.35015,-0.0097351
-0.10894,-0.37415,0.076764,1.2541,-0.098752,-0.35233,-0.0096367
-0.10989,-0.37652,0.077084,1.2587,-0.099501,-0.35446,-0.0095395
-0.11082,-0.37883,0.077394,1.2631,-0.10023,-0.35653,-0.0094436
-0.11174,-0.38109,0.077696,1.2674,-0.10095,-0.35856,-0.0093488
-0.11263,-0.3833,0.07799,1.2717,-0.10165,-0.36053,-0.0092552
-0.11351,-0.38545,0.078276,1.2758,-0.10234,-0.36246,-0.0091629
-0.11438,-0.38756,0.078554,1.2798,-0.10302,-0.36435,-0.0090718
-0.11522,-0.38961,0.078825,1.2838,-0.10368,-0.36618,-0.0089819
-0.11605,-0.39162,0.079089,1.2876,-0.10433,-0.36798,-0.0088933
-0.11686,-0.39358,0.079346,1.2914,-0.10496,-0.36973,-0.0088059
-0.11765,-0.3955,0.079596,1.295,-0.10558,-0.37144,-0.0087198
-0.11843,-0.39738,0.07984,1.2986,-0.10619,-0.37311,-0.0086349
-0.1192,-0.39921,0.080077,1.3021,-0.10679,-0.37474,-0.0085513
-0.11995,-0.401,0.080309,1.3055,-0.10738,-0.37633,-0.0084689
-0.12068,-0.40275,0.080534,1.3089,-0.10795,-0.37789,-0.0083877
-0.1214,-0.40446,0.080754,1.3121,-0.10851,-0.37941,-0.0083078
-0.12211,-0.40613,0.080968,1.3153,-0.10906,-0.3809,-0.0082291
-0.1228,-0.40777,0.081177,1.3185,-0.1096,-0.38235,-0.0081516
-0.12347,-0.40936,0.081381,1.3215,-0.11013,-0.38376,-0.0080754
-0.12414,-0.41093,0.08158,1.3245,-0.11065,-0.38515,-0.0080003
-0.12479,-0.41246,0.081774,1.3274,-0.11116,-0.3865,-0.0079264
-0.12543,-0.41395,0.081963,1.3302,-0.11166,-0.38782,-0.0078537
-0.12605,-0.41541,0.082147,1.333,-0.11214,-0.38912,-0.0077822
-0.12667,-0.41684,0.082327,1.3358,-0.11262,-0.39038,-0.0077118
-0.12727,-0.41824,0.082502,1.3384,-0.11309,-0.39162,-0.0076426
-0.12786,-0.4196,0.082674,1.341,-0.11355,-0.39282,-0.0075746
-0.12947,-0.42335,0.083142,1.3481,-0.11481,-0.39613,-0.0073877
-0.13105,-0.427,0.083595,1.3551,-0.11604,-0.39934,-0.0072029
-0.13261,-0.43056,0.084035,1.3618,-0.11725,-0.40247,-0.00702
-0.13413,-0.43403,0.084461,1.3684,-0.11843,-0.40552,-0.0068393
-0.13562,-0.43741,0.084875,1.3749,-0.11959,-0.40848,-0.0066606
-0.13708,-0.44071,0.085276,1.3811,-0.12073,-0.41137,-0.0064841
-0.13852,-0.44394,0.085665,1.3872,-0.12185,-0.41419,-0.0063098
-0.13993,-0.44708,0.086043,1.3932,-0.12295,-0.41694,-0.0061376
-0.14131,-0.45015,0.086409,1.399,-0.12402,-0.41961,-0.0059677
-0.14266,-0.45314,0.086766,1.4047,-0.12508,-0.42222,-0.0058
-0.14399,-0.45607,0.087111,1.4102,-0.12611,-0.42476,-0.0056345
-0.14529,-0.45892,0.087448,1.4156,-0.12713,-0.42724,-0.0054712
-0.14657,-0.46171,0.087774,1.4209,-0.12812,-0.42965,-0.0053102
-0.14782,-0.46444,0.088092,1.426,-0.1291,-0.43201,-0.0051514
-0.14905,-0.46709,0.0884,1.431,-0.13006,-0.43431,-0.0049949
-0.15026,-0.46969,0.0887,1.4359,-0.131,-0.43655,-0.0048406
-0.15144,-0.47223,0.088992,1.4407,-0.13192,-0.43874,-0.0046885
-0.1526,-0.47471,0.089276,1.4454,-0.13283,-0.44088,-0.0045387
-0.15374,-0.47713,0.089552,1.4499,-0.13371,-0.44296,-0.0043911
-0.15485,-0.4795,0.089821,1.4544,-0.13458,-0.44499,-0.0042456
-0.15595,-0.48181,0.090082,1.4587,-0.13544,-0.44698,-0.0041024
-0.15702,-0.48407,0.090337,1.463,-0.13628,-0.44891,-0.0039614
-0.15807,-0.48628,0.090585,1.4671,-0.1371,-0.4508,-0.0038225
-0.1591,-0.48844,0.090826,1.4712,-0.13791,-0.45265,-0.0036857
-0.16012,-0.49055,0.091061,1.4751,-0.1387,-0.45445,-0.0035511
-0.16111,-0.49261,0.091289,1.479,-0.13948,-0.45621,-0.0034186
-0.16208,-0.49463,0.091512,1.4828,-0.14024,-0.45793,-0.0032882
-0.16304,-0.4966,0.091729,1.4865,-0.14099,-0.45961,-0.0031599
-0.16398,-0.49853,0.091941,1.4901,-0.14172,-0.46125,-0.0030336
-0.16489,-0.50042,0.092147,1.4936,-0.14244,-0.46285,-0.0029094
-0.16579,-0.50226,0.092347,1.4971,-0.14315,-0.46442,-0.0027872
-0.16668,-0.50406,0.092543,1.5005,-0.14384,-0.46595,-0.002667
-0.16754,-0.50583,0.092734,1.5037,-0.14452,-0.46744,-0.0025487
-0.16839,-0.50755,0.09292,1.507,-0.14519,-0.4689,-0.0024324
-0.16923,-0.50924,0.093101,1.5101,-0.14584,-0.47033,-0.0023181
-0.17004,-0.51089,0.093278,1.5132,-0.14649,-0.47172,-0.0022056
-0.17085,-0.5125,0.09345,1.5162,-0.14712,-0.47308,-0.0020951
-0.17163,-0.51408,0.093618,1.5192,-0.14773,-0.47441,-0.0019863
-0.1724,-0.51563,0.093782,1.522,-0.14834,-0.47572,-0.0018795
-0.17316,-0.51714,0.093942,1.5249,-0.14894,-0.47699,-0.0017744
-0.1739,-0.51862,0.094098,1.5276,-0.14952,-0.47823,-0.0016711
-0.17463,-0.52007,0.09425,1.5303,-0.15009,-0.47945,-0.0015696
-0.17534,-0.52148,0.094399,1.5329,-0.15065,-0.48063,-0.0014699
-0.17604,-0.52287,0.094544,1.5355,-0.1512,-0.4818,-0.0013718
-0.17672,-0.52422,0.094685,1.538,-0.15175,-0.48293,-0.0012755
-0.17739,-0.52555,0.094823,1.5405,-0.15228,-0.48404,-0.0011808
-0.17805,-0.52685,0.094958,1.5429,-0.1528,-0.48513,-0.0010878
-0.1787,-0.52812,0.095089,1.5453,-0.15331,-0.48619,-0.00099639
-0.17933,-0.52936,0.095218,1.5476,-0.15381,-0.48723,-0.0009066
-0.17995,-0.53058,0.095343,1.5499,-0.1543,-0.48825,-0.00081839
-0.18056,-0.53177,0.095465,1.5521,-0.15478,-0.48924,-0.00073174
-0.1823,-0.53518,0.095814,1.5584,-0.15616,-0.49208,-0.00048401
-0.18401,-0.5385,0.096152,1.5645,-0.15751,-0.49484,-0.00023958
-0.18568,-0.54175,0.09648,1.5706,-0.15884,-0.49753,1.5422e-06
-0.18733,-0.54492,0.096799,1.5764,-0.16014,-0.50015,0.00023937
-0.18894,-0.54802,0.097108,1.5821,-0.16142,-0.50271,0.00047392
-0.19053,-0.55104,0.097408,1.5877,-0.16268,-0.50521,0.00070519
-0.19208,-0.554,0.097699,1.5932,-0.16392,-0.50764,0.00093319
-0.19361,-0.55689,0.097982,1.5985,-0.16514,-0.51001,0.0011579
-0.19511,-0.55972,0.098256,1.6037,-0.16634,-0.51232,0.0013795
-0.19658,-0.56248,0.098523,1.6088,-0.16751,-0.51458,0.0015978
-0.19802,-0.56518,0.098782,1.6137,-0.16867,-0.51678,0.0018129
-0.19944,-0.56781,0.099034,1.6186,-0.1698,-0.51893,0.0020248
-0.20082,-0.57039,0.099278,1.6233,-0.17092,-0.52103,0.0022336
-0.20219,-0.57291,0.099516,1.6279,-0.17201,-0.52307,0.0024393
-0.20353,-0.57538,0.099747,1.6324,-0.17309,-0.52507,0.0026418
-0.20484,-0.57778,0.099972,1.6369,-0.17414,-0.52702,0.0028413
-0.20613,-0.58014,0.10019,1.6412,-0.17518,-0.52892,0.0030377
-0.20739,-0.58244,0.1004,1.6454,-0.1762,-0.53078,0.0032311
-0.20864,-0.5847,0.10061,1.6495,-0.17721,-0.53259,0.0034214
-0.20985,-0.5869,0.10081,1.6535,-0.17819,-0.53436,0.0036088
-0.21105,-0.58906,0.10101,1.6574,-0.17916,-0.53609,0.0037933
-0.21222,-0.59117,0.1012,1.6613,-0.18011,-0.53777,0.0039749
-0.21337,-0.59323,0.10138,1.665,-0.18104,-0.53942,0.0041535
-0.2145,-0.59525,0.10156,1.6687,-0.18196,-0.54103,0.0043294
-0.21561,-0.59722,0.10174,1.6723,-0.18286,-0.5426,0.0045023
-0.2167,-0.59915,0.10191,1.6758,-0.18375,-0.54414,0.0046725
-0.21776,-0.60104,0.10207,1.6792,-0.18462,-0.54564,0.00484
-0.21881,-0.60289,0.10223,1.6826,-0.18547,-0.54711,0.0050047
-0.21984,-0.6047,0.10239,1.6858,-0.18631,-0.54854,0.0051667
-0.22085,-0.60647,0.10254,1.6891,-0.18713,-0.54994,0.0053261
-0.22183,-0.6082,0.10269,1.6922,-0.18794,-0.5513,0.0054828
-0.2228,-0.60989,0.10284,1.6952,-0.18874,-0.55264,0.0056369
-0.22376,-0.61155,0.10298,1.6982,-0.18952,-0.55395,0.0057885
-0.22469,-0.61318,0.10312,1.7012,-0.19028,-0.55522,0.0059375
-0.2256,-0.61476,0.10325,1.704,-0.19103,-0.55647,0.006084
-0.2265,-0.61632,0.10338,1.7068,-0.19177,-0.55769,0.0062281
-0.22738,-0.61784,0.10351,1.7096,-0.1925,-0.55888,0.0063697
-0.22825,-0.61933,0.10364,1.7123,-0.19321,-0.56005,0.0065089
-0.2291,-0.62079,0.10376,1.7149,-0.19391,-0.56119,0.0066457
-0.22993,-0.62221,0.10387,1.7175,-0.19459,-0.5623,0.0067802
-0.23075,-0.62361,0.10399,1.72,-0.19527,-0.56339,0.0069124
-0.23155,-0.62498,0.1041,1.7224,-0.19593,-0.56445,0.0070423
-0.23233,-0.62632,0.10421,1.7248,-0.19658,-0.56549,0.00717
-0.2331,-0.62763,0.10432,1.7272,-0.19721,-0.56651,0.0072954
-0.23386,-0.62891,0.10442,1.7295,-0.19784,-0.56751,0.0074187
-0.2346,-0.63017,0.10452,1.7318,-0.19845,-0.56848,0.0075398
-0.23532,-0.6314,0.10462,1.734,-0.19906,-0.56943,0.0076588
-0.23604,-0.6326,0.10472,1.7361,-0.19965,-0.57036,0.0077757
-0.23674,-0.63378,0.10481,1.7382,-0.20023,-0.57127,0.0078906
-0.23742,-0.63494,0.1049,1.7403,-0.2008,-0.57217,0.0080034
-0.2381,-0.63607,0.10499,1.7423,-0.20136,-0.57304,0.0081143
-0.23876,-0.63717,0.10508,1.7443,-0.20191,-0.57389,0.0082232
-0.24062,-0.6403,0.10533,1.7499,-0.20346,-0.57629,0.008531
-0.24245,-0.64336,0.10557,1.7553,-0.20499,-0.57864,0.0088347
-0.24424,-0.64635,0.1058,1.7607,-0.20649,-0.58092,0.0091342
-0.24601,-0.64928,0.10602,1.7659,-0.20796,-0.58315,0.0094296
-0.24774,-0.65214,0.10624,1.771,-0.20942,-0.58532,0.0097209
-0.24944,-0.65494,0.10645,1.7759,-0.21085,-0.58744,0.010008
-0.25111,-0.65767,0.10665,1.7808,-0.21225,-0.58951,0.010291
-0.25276,-0.66035,0.10685,1.7855,-0.21364,-0.59152,0.01057
-0.25437,-0.66297,0.10704,1.7901,-0.215,-0.59349,0.010845
-0.25595,-0.66553,0.10722,1.7947,-0.21634,-0.59541,0.011116
-0.2575,-0.66803,0.1074,1.7991,-0.21766,-0.59728,0.011384
-0.25903,-0.67049,0.10758,1.8034,-0.21896,-0.59911,0.011647
-0.26053,-0.67289,0.10774,1.8076,-0.22023,-0.60089,0.011906
-0.262,-0.67523,0.10791,1.8117,-0.22148,-0.60263,0.012162
-0.26344,-0.67753,0.10806,1.8158,-0.22272,-0.60433,0.012413
-0.26486,-0.67978,0.10822,1.8197,-0.22393,-0.60599,0.012661
-0.26625,-0.68198,0.10837,1.8236,-0.22512,-0.60761,0.012905
-0.26762,-0.68413,0.10851,1.8273,-0.2263,-0.60919,0.013146
-0.26896,-0.68623,0.10865,1.831,-0.22745,-0.61073,0.013383
-0.27028,-0.6883,0.10879,1.8346,-0.22858,-0.61224,0.013616
-0.27157,-0.69031,0.10892,1.8381,-0.2297,-0.61371,0.013845
-0.27284,-0.69229,0.10905,1.8416,-0.23079,-0.61515,0.014071
-0.27409,-0.69422,0.10917,1.8449,-0.23187,-0.61655,0.014293
-0.27531,-0.69612,0.10929,1.8482,-0.23293,-0.61792,0.014512
-0.27651,-0.69797,0.10941,1.8514,-0.23397,-0.61926,0.014728
-0.27769,-0.69978,0.10952,1.8546,-0.23499,-0.62057,0.01494
-0.27885,-0.70156,0.10963,1.8576,-0.236,-0.62185,0.015148
-0.27998,-0.7033,0.10974,1.8606,-0.23699,-0.62309,0.015354
-0.28109,-0.705,0.10984,1.8636,-0.23796,-0.62431,0.015556
-0.28219,-0.70666,0.10994,1.8665,-0.23891,-0.62551,0.015754
-0.28326,-0.70829,0.11004,1.8693,-0.23985,-0.62667,0.01595
-0.28431,-0.70989,0.11013,1.872,-0.24077,-0.62781,0.016142
-0.28535,-0.71146,0.11023,1.8747,-0.24168,-0.62892,0.016331
-0.28636,-0.71299,0.11032,1.8774,-0.24257,-0.63001,0.016517
-0.28736,-0.71449,0.1104,1.8799,-0.24344,-0.63107,0.0167
-0.28833,-0.71595,0.11049,1.8825,-0.2443,-0.63211,0.01688
-0.28929,-0.71739,0.11057,1.8849,-0.24515,-0.63312,0.017057
-0.29023,-0.7188,0.11065,1.8873,-0.24598,-0.63411,0.017231
-0.29116,-0.72018,0.11073,1.8897,-0.24679,-0.63508,0.017402
-0.29206,-0.72153,0.1108,1.892,-0.24759,-0.63603,0.01757
-0.29295,-0.72285,0.11087,1.8943,-0.24838,-0.63696,0.017735
-0.29382,-0.72415,0.11095,1.8965,-0.24915,-0.63787,0.017898
-0.29468,-0.72541,0.11101,1.8987,-0.24991,-0.63875,0.018058
-0.29551,-0.72666,0.11108,1.9008,-0.25065,-0.63962,0.018215
-0.29634,-0.72787,0.11115,1.9028,-0.25138,-0.64046,0.018369
-0.29715,-0.72906,0.11121,1.9049,-0.2521,-0.64129,0.018521
-0.29794,-0.73023,0.11127,1.9069,-0.2528,-0.6421,0.01867
-0.29872,-0.73137,0.11133,1.9088,-0.2535,-0.64289,0.018816
-0.29948,-0.73249,0.11139,1.9107,-0.25418,-0.64367,0.01896
-0.30023,-0.73359,0.11145,1.9126,-0.25484,-0.64443,0.019102
-0.30096,-0.73466,0.1115,1.9144,-0.2555,-0.64517,0.019241
-0.30168,-0.73571,0.11156,1.9162,-0.25614,-0.64589,0.019377
-0.30239,-0.73674,0.11161,1.9179,-0.25677,-0.6466,0.019511
-0.30436,-0.73963,0.11176,1.9228,-0.25854,-0.64858,0.019888
-0.30631,-0.74246,0.1119,1.9276,-0.26028,-0.65052,0.020259
-0.30821,-0.74523,0.11203,1.9323,-0.262,-0.6524,0.020626
-0.31009,-0.74794,0.11216,1.9368,-0.26369,-0.65424,0.020987
-0.31193,-0.75059,0.11229,1.9413,-0.26535,-0.65603,0.021344
-0.31374,-0.75318,0.11241,1.9456,-0.26699,-0.65777,0.021697
-0.31552,-0.75572,0.11253,1.9499,-0.2686,-0.65948,0.022044
-0.31727,-0.75821,0.11264,1.9541,-0.27019,-0.66114,0.022386
-0.31899,-0.76064,0.11274,1.9581,-0.27176,-0.66276,0.022724
-0.32067,-0.76303,0.11285,1.9621,-0.27329,-0.66434,0.023057
-0.32233,-0.76536,0.11295,1.966,-0.27481,-0.66588,0.023386
-0.32396,-0.76765,0.11304,1.9698,-0.2763,-0.66738,0.02371
-0.32556,-0.76988,0.11313,1.9735,-0.27777,-0.66885,0.024029
-0.32712,-0.77207,0.11322,1.9771,-0.27921,-0.67028,0.024344
-0.32867,-0.77422,0.1133,1.9807,-0.28063,-0.67168,0.024654
-0.33018,-0.77632,0.11338,1.9841,-0.28203,-0.67304,0.02496
-0.33167,-0.77837,0.11346,1.9875,-0.28341,-0.67437,0.025261
-0.33313,-0.78039,0.11354,1.9908,-0.28476,-0.67567,0.025558
-0.33456,-0.78236,0.11361,1.9941,-0.28609,-0.67694,0.02585
-0.33597,-0.78429,0.11368,1.9972,-0.2874,-0.67818,0.026138
-0.33735,-0.78618,0.11374,2.0003,-0.28869,-0.67939,0.026422
-0.33871,-0.78804,0.11381,2.0034,-0.28996,-0.68057,0.026701
-0.34005,-0.78985,0.11387,2.0063,-0.29121,-0.68172,0.026977
-0.34136,-0.79163,0.11393,2.0092,-0.29243,-0.68284,0.027248
-0.34264,-0.79337,0.11398,2.0121,-0.29364,-0.68394,0.027515
-0.3439,-0.79507,0.11404,2.0148,-0.29482,-0.68501,0.027777
-0.34514,-0.79674,0.11409,2.0175,-0.29599,-0.68606,0.028036
-0.34636,-0.79838,0.11414,2.0202,-0.29713,-0.68709,0.028291
-0.34755,-0.79998,0.11418,2.0228,-0.29826,-0.68808,0.028542
-0.34873,-0.80155,0.11423,2.0253,-0.29937,-0.68906,0.028789
-0.34988,-0.80309,0.11427,2.0278,-0.30046,-0.69001,0.029032
-0.35101,-0.80459,0.11432,2.0302,-0.30153,-0.69095,0.029271
-0.35211,-0.80607,0.11436,2.0326,-0.30258,-0.69186,0.029506
-0.3532,-0.80751,0.1144,2.0349,-0.30361,-0.69274,0.029738
-0.35427,-0.80893,0.11443,2.0372,-0.30463,-0.69361,0.029966
-0.35532,-0.81032,0.11447,2.0394,-0.30563,-0.69446,0.03019
-0.35635,-0.81167,0.11451,2.0416,-0.30661,-0.69529,0.03041
-0.35736,-0.813,0.11454,2.0437,-0.30757,-0.6961,0.030627
-0.35835,-0.81431,0.11457,2.0458,-0.30852,-0.69689,0.030841
-0.35932,-0.81558,0.1146,2.0479,-0.30945,-0.69767,0.031051
-0.36028,-0.81684,0.11463,2.0499,-0.31037,-0.69842,0.031257
-0.36122,-0.81806,0.11466,2.0518,-0.31127,-0.69916,0.03146
-0.36213,-0.81926,0.11469,2.0537,-0.31215,-0.69989,0.03166
-0.36304,-0.82044,0.11471,2.0556,-0.31302,-0.70059,0.031856
-0.36392,-0.82159,0.11474,2.0574,-0.31387,-0.70128,0.032049
-0.36479,-0.82272,0.11476,2.0592,-0.31471,-0.70196,0.032239
-0.36564,-0.82383,0.11478,2.061,-0.31553,-0.70262,0.032426
-0.36648,-0.82491,0.1148,2.0627,-0.31634,-0.70326,0.032609
-0.3673,-0.82597,0.11483,2.0644,-0.31713,-0.70389,0.03279
-0.36811,-0.82701,0.11485,2.066,-0.31791,-0.70451,0.032967
-0.3689,-0.82803,0.11487,2.0676,-0.31868,-0.70511,0.033141
-0.36967,-0.82903,0.11488,2.0692,-0.31943,-0.7057,0.033313
-0.37175,-0.83171,0.11493,2.0734,-0.32144,-0.70728,0.033773
-0.37379,-0.83434,0.11498,2.0776,-0.32343,-0.70882,0.034228
-0.3758,-0.83691,0.11502,2.0816,-0.32538,-0.71032,0.034677
-0.37777,-0.83943,0.11506,2.0856,-0.32731,-0.71178,0.035121
-0.37971,-0.8419,0.1151,2.0894,-0.32921,-0.7132,0.035559
-0.38161,-0.84431,0.11513,2.0932,-0.33108,-0.71458,0.035991
-0.38349,-0.84668,0.11516,2.0969,-0.33292,-0.71593,0.036418
-0.38533,-0.849,0.11519,2.1005,-0.33473,-0.71725,0.036839
-0.38714,-0.85128,0.11521,2.104,-0.33652,-0.71853,0.037255
-0.38891,-0.8535,0.11523,2.1074,-0.33828,-0.71978,0.037666
-0.39066,-0.85568,0.11525,2.1108,-0.34001,-0.721,0.038071
-0.39237,-0.85782,0.11527,2.1141,-0.34171,-0.72219,0.03847
-0.39406,-0.85991,0.11529,2.1173,-0.34339,-0.72335,0.038864
-0.39571,-0.86196,0.1153,2.1204,-0.34505,-0.72448,0.039253
-0.39734,-0.86397,0.11531,2.1235,-0.34667,-0.72558,0.039637
-0.39894,-0.86594,0.11532,2.1265,-0.34827,-0.72666,0.040015
-0.40051,-0.86787,0.11533,2.1294,-0.34985,-0.72771,0.040388
-0.40205,-0.86976,0.11533,2.1323,-0.3514,-0.72873,0.040756
-0.40356,-0.87161,0.11534,2.1351,-0.35293,-0.72973,0.041118
-0.40505,-0.87343,0.11534,2.1378,-0.35443,-0.7307,0.041476
-0.40651,-0.87521,0.11534,2.1405,-0.35591,-0.73165,0.041828
-0.40795,-0.87695,0.11534,2.1431,-0.35736,-0.73258,0.042175
-0.40935,-0.87866,0.11534,2.1457,-0.35879,-0.73348,0.042517
-0.41074,-0.88033,0.11534,2.1482,-0.3602,-0.73436,0.042855
-0.4121,-0.88197,0.11534,2.1507,-0.36158,-0.73522,0.043187
-0.41343,-0.88357,0.11533,2.1531,-0.36294,-0.73606,0.043514
-0.41474,-0.88515,0.11533,2.1554,-0.36428,-0.73688,0.043837
-0.41603,-0.88669,0.11532,2.1577,-0.36559,-0.73768,0.044154
-0.41729,-0.8882,0.11531,2.1599,-0.36689,-0.73847,0.044467
-0.41853,-0.88968,0.11531,2.1621,-0.36816,-0.73923,0.044775
-0.41975,-0.89113,0.1153,2.1643,-0.36941,-0.73997,0.045079
-0.42094,-0.89255,0.11529,2.1664,-0.37064,-0.7407,0.045378
-0.42212,-0.89395,0.11528,2.1684,-0.37185,-0.74141,0.045672
-0.42327,-0.89531,0.11527,2.1705,-0.37304,-0.7421,0.045962
-0.4244,-0.89665,0.11525,2.1724,-0.37421,-0.74278,0.046247
-0.42551,-0.89796,0.11524,2.1744,-0.37536,-0.74344,0.046528
-0.4266,-0.89925,0.11523,2.1762,-0.37648,-0.74409,0.046804
-0.42767,-0.90051,0.11522,2.1781,-0.37759,-0.74472,0.047076
-0.42872,-0.90174,0.1152,2.1799,-0.37868,-0.74533,0.047344
-0.42975,-0.90295,0.11519,2.1817,-0.37976,-0.74593,0.047607
-0.43076,-0.90413,0.11518,2.1834,-0.38081,-0.74652,0.047866
-0.43176,-0.9053,0.11516,2.1851,-0.38184,-0.7471,0.048121
-0.43273,-0.90643,0.11515,2.1867,-0.38286,-0.74766,0.048372
-0.43369,-0.90755,0.11513,2.1884,-0.38386,-0.7482,0.048619
-0.43462,-0.90864,0.11512,2.1899,-0.38484,-0.74874,0.048862
-0.43555,-0.90971,0.1151,2.1915,-0.3858,-0.74926,0.049101
-0.43645,-0.91076,0.11509,2.193,-0.38675,-0.74977,0.049336
-0.43734,-0.91179,0.11507,2.1945,-0.38768,-0.75027,0.049567
-0.43821,-0.9128,0.11506,2.196,-0.38859,-0.75076,0.049794
-0.43906,-0.91379,0.11504,2.1974,-0.38949,-0.75124,0.050017
-0.44122,-0.91629,0.115,2.201,-0.39176,-0.75244,0.050583
-0.44333,-0.91873,0.11496,2.2045,-0.39399,-0.75361,0.051142
-0.44542,-0.92113,0.11491,2.2079,-0.39619,-0.75474,0.051695
-0.44746,-0.92349,0.11487,2.2113,-0.39836,-0.75585,0.052242
-0.44948,-0.92579,0.11482,2.2145,-0.4005,-0.75693,0.052781
-0.45145,-0.92805,0.11477,2.2178,-0.4026,-0.75798,0.053315
-0.4534,-0.93026,0.11472,2.2209,-0.40467,-0.759,0.053842
-0.45531,-0.93243,0.11467,2.2239,-0.40671,-0.75999,0.054362
-0.45719,-0.93456,0.11462,2.2269,-0.40873,-0.76096,0.054876
-0.45903,-0.93665,0.11457,2.2299,-0.41071,-0.7619,0.055384
-0.46085,-0.93869,0.11452,2.2327,-0.41266,-0.76282,0.055885
-0.46263,-0.94069,0.11446,2.2355,-0.41458,-0.76371,0.05638
-0.46438,-0.94266,0.11441,2.2382,-0.41647,-0.76458,0.056868
-0.4661,-0.94458,0.11435,2.2409,-0.41833,-0.76543,0.057351
-0.46779,-0.94647,0.11429,2.2435,-0.42016,-0.76626,0.057826
-0.46945,-0.94832,0.11424,2.246,-0.42197,-0.76707,0.058296
-0.47108,-0.95013,0.11418,2.2485,-0.42374,-0.76785,0.058759
-0.47268,-0.9519,0.11412,2.251,-0.42549,-0.76861,0.059216
-0.47426,-0.95365,0.11407,2.2534,-0.42721,-0.76936,0.059667
-0.47581,-0.95535,0.11401,2.2557,-0.4289,-0.77009,0.060111
-0.47732,-0.95703,0.11395,2.258,-0.43056,-0.77079,0.06055
-0.47882,-0.95867,0.11389,2.2602,-0.4322,-0.77148,0.060982
-0.48028,-0.96027,0.11383,2.2624,-0.43381,-0.77216,0.061409
-0.48172,-0.96185,0.11378,2.2645,-0.4354,-0.77281,0.061829
-0.48313,-0.96339,0.11372,2.2666,-0.43696,-0.77345,0.062243
-0.48452,-0.96491,0.11366,2.2686,-0.43849,-0.77408,0.062652
-0.48588,-0.96639,0.1136,2.2706,-0.44,-0.77468,0.063054
-0.48722,-0.96785,0.11354,2.2726,-0.44148,-0.77528,0.063451
-0.48854,-0.96927,0.11349,2.2745,-0.44294,-0.77586,0.063842
-0.48983,-0.97067,0.11343,2.2763,-0.44437,-0.77642,0.064227
-0.49109,-0.97204,0.11337,2.2782,-0.44578,-0.77697,0.064606
-0.49234,-0.97338,0.11331,2.2799,-0.44717,-0.77751,0.06498
-0.49356,-0.9747,0.11326,2.2817,-0.44853,-0.77803,0.065348
-0.49476,-0.97599,0.1132,2.2834,-0.44987,-0.77854,0.065711
-0.49593,-0.97725,0.11314,2.2851,-0.45119,-0.77904,0.066068
-0.49709,-0.97849,0.11309,2.2867,-0.45248,-0.77953,0.06642
-0.49822,-0.97971,0.11303,2.2883,-0.45376,-0.78,0.066766
-0.49934,-0.9809,0.11298,2.2899,-0.45501,-0.78046,0.067107
-0.50043,-0.98207,0.11292,2.2914,-0.45623,-0.78092,0.067443
-0.5015,-0.98321,0.11287,2.2929,-0.45744,-0.78136,0.067773
-0.50255,-0.98434,0.11282,2.2944,-0.45863,-0.78179,0.068098
-0.50359,-0.98544,0.11276,2.2958,-0.45979,-0.78221,0.068418
-0.5046,-0.98651,0.11271,2.2972,-0.46094,-0.78262,0.068733
-0.5056,-0.98757,0.11266,2.2986,-0.46207,-0.78302,0.069043
-0.50657,-0.98861,0.11261,2.2999,-0.46317,-0.78341,0.069348
-0.50753,-0.98962,0.11256,2.3012,-0.46426,-0.78379,0.069648
-0.50973,-0.99196,0.11244,2.3042,-0.46676,-0.78467,0.07034
-0.5119,-0.99425,0.11232,2.3072,-0.46922,-0.78552,0.071025
-0.51403,-0.99649,0.11221,2.3101,-0.47164,-0.78635,0.071701
-0.51612,-0.9987,0.11209,2.3129,-0.47403,-0.78715,0.07237
-0.51818,-1.0009,0.11197,2.3156,-0.47638,-0.78793,0.073032
-0.5202,-1.003,0.11185,2.3183,-0.4787,-0.78869,0.073685
-0.52218,-1.005,0.11174,2.3209,-0.48099,-0.78943,0.074331
-0.52414,-1.0071,0.11162,2.3235,-0.48323,-0.79014,0.074969
-0.52605,-1.0091,0.1115,2.326,-0.48545,-0.79084,0.0756
-0.52794,-1.011,0.11139,2.3285,-0.48763,-0.79152,0.076223
-0.52979,-1.013,0.11127,2.3309,-0.48978,-0.79218,0.076838
-0.53161,-1.0148,0.11116,2.3332,-0.49189,-0.79282,0.077445
-0.5334,-1.0167,0.11104,2.3355,-0.49397,-0.79345,0.078045
-0.53516,-1.0185,0.11093,2.3377,-0.49602,-0.79406,0.078637
-0.53689,-1.0203,0.11082,2.3399,-0.49804,-0.79465,0.079222
-0.53858,-1.022,0.1107,2.342,-0.50002,-0.79522,0.079799
-0.54025,-1.0237,0.11059,2.3441,-0.50198,-0.79578,0.080368
-0.54188,-1.0254,0.11048,2.3462,-0.5039,-0.79633,0.08093
-0.54349,-1.027,0.11037,2.3482,-0.50579,-0.79686,0.081484
-0.54507,-1.0286,0.11026,2.3501,-0.50765,-0.79738,0.082031
-0.54662,-1.0302,0.11016,2.352,-0.50948,-0.79788,0.082571
-0.54814,-1.0317,0.11005,2.3539,-0.51128,-0.79837,0.083103
-0.54964,-1.0333,0.10994,2.3557,-0.51305,-0.79885,0.083627
-0.55111,-1.0347,0.10984,2.3575,-0.51479,-0.79931,0.084145
-0.55255,-1.0362,0.10973,2.3592,-0.51651,-0.79977,0.084655
-0.55397,-1.0376,0.10963,2.3609,-0.51819,-0.80021,0.085157
-0.55536,-1.039,0.10953,2.3626,-0.51985,-0.80064,0.085653
-0.55673,-1.0404,0.10943,2.3642,-0.52148,-0.80106,0.086141
-0.55807,-1.0417,0.10933,2.3658,-0.52308,-0.80146,0.086623
-0.55938,-1.0431,0.10923,2.3674,-0.52465,-0.80186,0.087097
-0.56068,-1.0444,0.10913,2.3689,-0.5262,-0.80225,0.087564
-0.56194,-1.0456,0.10904,2.3704,-0.52772,-0.80263,0.088025
-0.56319,-1.0469,0.10894,2.3718,-0.52922,-0.803,0.088478
-0.56441,-1.0481,0.10885,2.3732,-0.53069,-0.80335,0.088925
-0.56561,-1.0493,0.10875,2.3746,-0.53214,-0.8037,0.089365
-0.56679,-1.0505,0.10866,2.376,-0.53356,-0.80405,0.089798
-0.56795,-1.0516,0.10857,2.3773,-0.53495,-0.80438,0.090225
-0.56908,-1.0527,0.10848,2.3786,-0.53633,-0.8047,0.090645
-0.5702,-1.0538,0.10839,2.3799,-0.53767,-0.80502,0.091059
-0.57129,-1.0549,0.1083,2.3812,-0.539,-0.80533,0.091466
-0.57237,-1.056,0.10822,2.3824,-0.5403,-0.80563,0.091867
-0.57342,-1.057,0.10813,2.3836,-0.54158,-0.80592,0.092261
-0.57445,-1.058,0.10805,2.3847,-0.54284,-0.80621,0.092649
-0.57666,-1.0602,0.10787,2.3872,-0.54552,-0.80682,0.093482
-0.57883,-1.0624,0.10769,2.3897,-0.54817,-0.80741,0.094305
-0.58096,-1.0644,0.10751,2.3921,-0.55077,-0.80798,0.095118
-0.58306,-1.0665,0.10734,2.3944,-0.55334,-0.80854,0.095922
-0.58512,-1.0685,0.10716,2.3966,-0.55587,-0.80908,0.096717
-0.58714,-1.0705,0.10699,2.3989,-0.55835,-0.80961,0.097503
-0.58913,-1.0724,0.10682,2.401,-0.56081,-0.81012,0.098279
-0.59109,-1.0743,0.10665,2.4031,-0.56322,-0.81061,0.099046
-0.59301,-1.0762,0.10648,2.4052,-0.56559,-0.81109,0.099803
-0.5949,-1.078,0.10632,2.4072,-0.56793,-0.81156,0.10055
-0.59675,-1.0798,0.10615,2.4092,-0.57023,-0.81201,0.10129
-0.59857,-1.0816,0.10599,2.4111,-0.5725,-0.81246,0.10202
-0.60036,-1.0833,0.10583,2.413,-0.57473,-0.81288,0.10274
-0.60212,-1.085,0.10567,2.4148,-0.57692,-0.8133,0.10345
-0.60384,-1.0867,0.10551,2.4166,-0.57908,-0.81371,0.10415
-0.60554,-1.0883,0.10535,2.4184,-0.58121,-0.8141,0.10484
-0.6072,-1.0899,0.1052,2.4201,-0.5833,-0.81449,0.10553
-0.60884,-1.0915,0.10504,2.4218,-0.58535,-0.81486,0.1062
-0.61044,-1.093,0.10489,2.4234,-0.58738,-0.81522,0.10686
-0.61202,-1.0945,0.10474,2.425,-0.58937,-0.81558,0.10752
-0.61357,-1.096,0.10459,2.4266,-0.59132,-0.81592,0.10817
-0.61509,-1.0974,0.10445,2.4281,-0.59325,-0.81625,0.1088
-0.61658,-1.0988,0.1043,2.4296,-0.59514,-0.81658,0.10943
-0.61805,-1.1002,0.10416,2.4311,-0.597,-0.8169,0.11005
-0.61949,-1.1016,0.10402,2.4325,-0.59883,-0.8172,0.11066
-0.6209,-1.1029,0.10388,2.4339,-0.60063,-0.8175,0.11126
-0.62229,-1.1042,0.10374,2.4353,-0.6024,-0.8178,0.11186
-0.62365,-1.1055,0.10361,2.4366,-0.60413,-0.81808,0.11244
-0.62499,-1.1068,0.10348,2.4379,-0.60584,-0.81836,0.11302
-0.6263,-1.108,0.10334,2.4392,-0.60752,-0.81863,0.11358
-0.62759,-1.1092,0.10321,2.4404,-0.60917,-0.81889,0.11414
-0.62886,-1.1104,0.10309,2.4416,-0.6108,-0.81915,0.11469
-0.6301,-1.1116,0.10296,2.4428,-0.61239,-0.8194,0.11523
-0.63132,-1.1127,0.10283,2.444,-0.61396,-0.81964,0.11577
-0.63251,-1.1139,0.10271,2.4451,-0.6155,-0.81988,0.11629
-0.63369,-1.115,0.10259,2.4463,-0.61701,-0.82011,0.11681
-0.63484,-1.116,0.10247,2.4473,-0.6185,-0.82034,0.11732
-0.63597,-1.1171,0.10235,2.4484,-0.61996,-0.82055,0.11782
-0.63814,-1.1191,0.10213,2.4505,-0.62277,-0.82097,0.11879
-0.64028,-1.1211,0.1019,2.4525,-0.62554,-0.82138,0.11975
-0.64238,-1.1231,0.10168,2.4544,-0.62827,-0.82178,0.12069
-0.64444,-1.125,0.10146,2.4563,-0.63095,-0.82216,0.12162
-0.64646,-1.1269,0.10125,2.4582,-0.63359,-0.82253,0.12255
-0.64845,-1.1287,0.10103,2.46,-0.63619,-0.8229,0.12346
-0.65041,-1.1305,0.10082,2.4618,-0.63875,-0.82325,0.12436
-0.65233,-1.1323,0.10061,2.4635,-0.64127,-0.82359,0.12524
-0.65421,-1.134,0.1004,2.4652,-0.64375,-0.82392,0.12612
-0.65606,-1.1357,0.1002,2.4668,-0.64619,-0.82424,0.12699
-0.65788,-1.1374,0.099997,2.4685,-0.64859,-0.82456,0.12784
-0.65967,-1.139,0.099797,2.47,-0.65095,-0.82486,0.12868
-0.66143,-1.1407,0.099599,2.4716,-0.65328,-0.82516,0.12951
-0.66315,-1.1422,0.099404,2.4731,-0.65556,-0.82544,0.13033
-0.66484,-1.1438,0.099212,2.4745,-0.65781,-0.82572,0.13114
-0.6665,-1.1453,0.099022,2.476,-0.66002,-0.826,0.13194
-0.66813,-1.1468,0.098834,2.4774,-0.6622,-0.82626,0.13273
-0.66973,-1.1482,0.098649,2.4787,-0.66433,-0.82652,0.1335
-0.67131,-1.1497,0.098466,2.4801,-0.66644,-0.82677,0.13427
-0.67285,-1.1511,0.098286,2.4814,-0.6685,-0.82701,0.13502
-0.67437,-1.1525,0.098108,2.4827,-0.67054,-0.82725,0.13576
-0.67585,-1.1538,0.097933,2.4839,-0.67254,-0.82748,0.1365
-0.67732,-1.1551,0.09776,2.4851,-0.6745,-0.82771,0.13722
-0.67875,-1.1564,0.097589,2.4863,-0.67643,-0.82793,0.13793
-0.68016,-1.1577,0.097421,2.4875,-0.67833,-0.82814,0.13863
-0.68154,-1.1589,0.097256,2.4886,-0.6802,-0.82835,0.13932
-0.68289,-1.1602,0.097092,2.4897,-0.68203,-0.82855,0.14
-0.68422,-1.1614,0.096931,2.4908,-0.68383,-0.82875,0.14067
-0.68553,-1.1625,0.096773,2.4919,-0.6856,-0.82894,0.14133
-0.68681,-1.1637,0.096616,2.4929,-0.68734,-0.82913,0.14198
-0.68807,-1.1648,0.096462,2.4939,-0.68905,-0.82932,0.14262
-0.68931,-1.1659,0.096311,2.4949,-0.69073,-0.82949,0.14324
-0.69052,-1.167,0.096161,2.4959,-0.69238,-0.82967,0.14386
-0.69171,-1.1681,0.096014,2.4968,-0.69401,-0.82984,0.14447
-0.69381,-1.17,0.095753,2.4985,-0.69688,-0.83014,0.14555
-0.69587,-1.1718,0.095496,2.5001,-0.6997,-0.83043,0.14662
-0.6979,-1.1736,0.095242,2.5017,-0.70248,-0.83071,0.14768
-0.69989,-1.1754,0.09499,2.5033,-0.70522,-0.83098,0.14872
-0.70184,-1.1771,0.094742,2.5048,-0.70791,-0.83125,0.14974
-0.70376,-1.1789,0.094497,2.5063,-0.71056,-0.83151,0.15076
-0.70565,-1.1805,0.094255,2.5077,-0.71316,-0.83176,0.15176
-0.7075,-1.1822,0.094015,2.5091,-0.71572,-0.83201,0.15274
-0.70932,-1.1838,0.093779,2.5105,-0.71825,-0.83225,0.15372
-0.7111,-1.1854,0.093547,2.5119,-0.72072,-0.83248,0.15468
-0.71286,-1.1869,0.093317,2.5132,-0.72316,-0.83271,0.15562
-0.71458,-1.1884,0.09309,2.5144,-0.72556,-0.83293,0.15656
-0.71627,-1.1899,0.092866,2.5157,-0.72792,-0.83314,0.15748
-0.71792,-1.1914,0.092645,2.5169,-0.73024,-0.83335,0.15838
-0.71955,-1.1928,0.092428,2.5181,-0.73252,-0.83356,0.15928
-0.72115,-1.1942,0.092213,2.5193,-0.73476,-0.83376,0.16016
-0.72272,-1.1956,0.092001,2.5204,-0.73696,-0.83395,0.16103
-0.72426,-1.197,0.091793,2.5215,-0.73913,-0.83414,0.16188
-0.72577,-1.1983,0.091587,2.5226,-0.74126,-0.83433,0.16272
-0.72725,-1.1996,0.091384,2.5237,-0.74335,-0.83451,0.16355
-0.72871,-1.2008,0.091184,2.5247,-0.74541,-0.83469,0.16437
-0.73013,-1.2021,0.090987,2.5257,-0.74743,-0.83486,0.16518
-0.73154,-1.2033,0.090793,2.5267,-0.74941,-0.83503,0.16597
-0.73291,-1.2045,0.090602,2.5277,-0.75137,-0.83519,0.16675
-0.73426,-1.2057,0.090414,2.5286,-0.75328,-0.83535,0.16752
-0.73559,-1.2068,0.090228,2.5295,-0.75517,-0.83551,0.16827
-0.73689,-1.208,0.090045,2.5304,-0.75702,-0.83566,0.16902
-0.73816,-1.2091,0.089866,2.5313,-0.75884,-0.83581,0.16975
-0.73941,-1.2102,0.089688,2.5322,-0.76062,-0.83596,0.17047
-0.74142,-1.2119,0.089403,2.5335,-0.76349,-0.83619,0.17163
-0.74339,-1.2136,0.089122,2.5349,-0.76632,-0.83642,0.17278
-0.74533,-1.2153,0.088844,2.5362,-0.7691,-0.83664,0.17391
-0.74723,-1.217,0.08857,2.5375,-0.77183,-0.83685,0.17503
-0.7491,-1.2186,0.088299,2.5387,-0.77452,-0.83707,0.17612
-0.75093,-1.2202,0.088032,2.5399,-0.77716,-0.83727,0.17721
-0.75273,-1.2217,0.087769,2.5411,-0.77976,-0.83747,0.17828
-0.75449,-1.2232,0.087509,2.5423,-0.78231,-0.83767,0.17933
-0.75622,-1.2247,0.087253,2.5434,-0.78482,-0.83786,0.18037
-0.75793,-1.2262,0.087,2.5445,-0.78729,-0.83805,0.18139
-0.75959,-1.2276,0.086751,2.5456,-0.78972,-0.83824,0.1824
-0.76123,-1.229,0.086505,2.5466,-0.79211,-0.83842,0.18339
-0.76284,-1.2304,0.086263,2.5477,-0.79445,-0.83859,0.18437
-0.76442,-1.2317,0.086024,2.5487,-0.79676,-0.83877,0.18533
-0.76597,-1.2331,0.085789,2.5496,-0.79902,-0.83893,0.18628
-0.76749,-1.2344,0.085557,2.5506,-0.80125,-0.8391,0.18722
-0.76898,-1.2356,0.085328,2.5515,-0.80344,-0.83926,0.18814
-0.77044,-1.2369,0.085103,2.5524,-0.80559,-0.83942,0.18904
-0.77188,-1.2381,0.084881,2.5533,-0.8077,-0.83957,0.18993
-0.77329,-1.2393,0.084662,2.5542,-0.80978,-0.83973,0.19081
-0.77467,-1.2405,0.084447,2.555,-0.81182,-0.83988,0.19167
-0.77602,-1.2416,0.084235,2.5558,-0.81382,-0.84002,0.19252
-0.77735,-1.2428,0.084026,2.5567,-0.81579,-0.84016,0.19336
-0.77866,-1.2439,0.083821,2.5574,-0.81772,-0.8403,0.19418
-0.78057,-1.2455,0.083519,2.5586,-0.82055,-0.84051,0.19539
-0.78245,-1.2471,0.083221,2.5597,-0.82334,-0.84071,0.19658
-0.78429,-1.2487,0.082927,2.5608,-0.82608,-0.8409,0.19776
-0.7861,-1.2502,0.082637,2.5619,-0.82878,-0.8411,0.19892
-0.78787,-1.2517,0.082351,2.5629,-0.83143,-0.84128,0.20006
-0.78962,-1.2532,0.082069,2.5639,-0.83403,-0.84147,0.20118
-0.79132,-1.2546,0.081791,2.5649,-0.83659,-0.84165,0.20229
-0.793,-1.256,0.081517,2.5659,-0.8391,-0.84183,0.20338
-0.79465,-1.2574,0.081247,2.5668,-0.84158,-0.842,0.20445
-0.79626,-1.2588,0.080981,2.5677,-0.84401,-0.84218,0.20551
-0.79785,-1.2601,0.080718,2.5686,-0.84639,-0.84234,0.20655
-0.7994,-1.2614,0.08046,2.5695,-0.84874,-0.84251,0.20757
-0.80093,-1.2627,0.080205,2.5704,-0.85104,-0.84267,0.20858
-0.80242,-1.2639,0.079954,2.5712,-0.85331,-0.84283,0.20958
-0.80389,-1.2652,0.079707,2.572,-0.85553,-0.84299,0.21055
-0.80533,-1.2664,0.079463,2.5728,-0.85772,-0.84314,0.21151
-0.80675,-1.2675,0.079223,2.5736,-0.85986,-0.84329,0.21246
-0.80813,-1.2687,0.078987,2.5743,-0.86197,-0.84344,0.21339
-0.80949,-1.2698,0.078755,2.5751,-0.86404,-0.84359,0.21431
-0.81083,-1.2709,0.078526,2.5758,-0.86608,-0.84373,0.21521
-0.81265,-1.2725,0.078212,2.5768,-0.86885,-0.84392,0.21644
-0.81443,-1.2739,0.077903,2.5777,-0.87158,-0.84412,0.21765
-0.81619,-1.2754,0.077599,2.5787,-0.87427,-0.84431,0.21885
-0.81791,-1.2768,0.077298,2.5796,-0.8769,-0.84449,0.22003
-0.81959,-1.2782,0.077002,2.5805,-0.8795,-0.84467,0.22118
-0.82125,-1.2796,0.07671,2.5813,-0.88204,-0.84485,0.22233
-0.82287,-1.281,0.076423,2.5822,-0.88454,-0.84503,0.22345
-0.82447,-1.2823,0.07614,2.583,-0.887,-0.84521,0.22455
-0.82603,-1.2836,0.07586,2.5838,-0.88942,-0.84538,0.22564
-0.82756,-1.2848,0.075585,2.5846,-0.89179,-0.84555,0.22671
-0.82907,-1.2861,0.075314,2.5853,-0.89412,-0.84571,0.22776
-0.83054,-1.2873,0.075048,2.5861,-0.89641,-0.84588,0.2288
-0.83199,-1.2885,0.074785,2.5868,-0.89866,-0.84604,0.22982
-0.83341,-1.2897,0.074526,2.5875,-0.90086,-0.8462,0.23082
-0.8348,-1.2908,0.074271,2.5882,-0.90303,-0.84635,0.23181
-0.83617,-1.2919,0.07402,2.5888,-0.90516,-0.84651,0.23278
-0.83791,-1.2934,0.073699,2.5897,-0.90788,-0.8467,0.23402
-0.83962,-1.2948,0.073383,2.5905,-0.91056,-0.8469,0.23524
-0.8413,-1.2961,0.073071,2.5913,-0.91318,-0.84709,0.23644
-0.84295,-1.2975,0.072763,2.5921,-0.91576,-0.84728,0.23763
-0.84456,-1.2988,0.07246,2.5929,-0.9183,-0.84746,0.23879
-0.84615,-1.3001,0.072162,2.5937,-0.92079,-0.84764,0.23994
-0.8477,-1.3014,0.071868,2.5944,-0.92323,-0.84783,0.24106
-0.84922,-1.3026,0.071579,2.5951,-0.92563,-0.848,0.24217
-0.85072,-1.3038,0.071293,2.5958,-0.92799,-0.84818,0.24326
-0.85219,-1.305,0.071013,2.5965,-0.93031,-0.84835,0.24433
-0.85362,-1.3062,0.070736,2.5971,-0.93259,-0.84852,0.24539
-0.85504,-1.3074,0.070464,2.5978,-0.93482,-0.84869,0.24643
-0.85642,-1.3085,0.070196,2.5984,-0.93701,-0.84886,0.24745
-0.85778,-1.3096,0.069932,2.599,-0.93917,-0.84902,0.24845
-0.85945,-1.3109,0.069606,2.5998,-0.94182,-0.84922,0.24969
-0.86109,-1.3123,0.069285,2.6005,-0.94443,-0.84942,0.2509
-0.86269,-1.3136,0.068969,2.6012,-0.94699,-0.84962,0.2521
-0.86427,-1.3148,0.068657,2.6019,-0.94951,-0.84981,0.25328
-0.86582,-1.3161,0.06835,2.6026,-0.95198,-0.85,0.25444
-0.86733,-1.3173,0.068048,2.6033,-0.95441,-0.85019,0.25558
-0.86882,-1.3185,0.06775,2.6039,-0.95679,-0.85038,0.2567
-0.87028,-1.3197,0.067457,2.6045,-0.95913,-0.85057,0.2578
-0.87171,-1.3209,0.067169,2.6051,-0.96143,-0.85075,0.25888
-0.87312,-1.322,0.066885,2.6057,-0.96368,-0.85093,0.25995
-0.87449,-1.3231,0.066605,2.6063,-0.9659,-0.8511,0.26099
-0.87611,-1.3244,0.066276,2.607,-0.9685,-0.85131,0.26223
-0.8777,-1.3257,0.065951,2.6077,-0.97106,-0.85152,0.26344
-0.87925,-1.3269,0.065631,2.6083,-0.97357,-0.85172,0.26463
-0.88078,-1.3281,0.065316,2.6089,-0.97604,-0.85193,0.26581
-0.88227,-1.3293,0.065006,2.6095,-0.97847,-0.85213,0.26696
-0.88374,-1.3305,0.064701,2.6101,-0.98084,-0.85232,0.26809
-0.88518,-1.3317,0.0644,2.6107,-0.98318,-0.85252,0.26921
-0.88659,-1.3328,0.064105,2.6113,-0.98547,-0.85271,0.2703
-0.88798,-1.3339,0.063813,2.6118,-0.98772,-0.8529,0.27138
-0.88955,-1.3352,0.063481,2.6125,-0.99029,-0.85311,0.27261
-0.8911,-1.3364,0.063153,2.6131,-0.99281,-0.85333,0.27382
-0.89262,-1.3376,0.06283,2.6137,-0.99529,-0.85354,0.27501
-0.8941,-1.3388,0.062512,2.6142,-0.99772,-0.85375,0.27617
-0.89556,-1.3399,0.0622,2.6148,-1.0001,-0.85396,0.27732
-0.89699,-1.3411,0.061892,2.6153,-1.0024,-0.85416,0.27845
-0.8984,-1.3422,0.061589,2.6159,-1.0047,-0.85436,0.27956
-0.89995,-1.3434,0.061252,2.6165,-1.0073,-0.85459,0.28079
-0.90147,-1.3446,0.060921,2.617,-1.0098,-0.85481,0.282
-0.90296,-1.3458,0.060594,2.6176,-1.0123,-0.85503,0.28319
-0.90443,-1.347,0.060273,2.6181,-1.0147,-0.85525,0.28435
-0.90586,-1.3481,0.059957,2.6187,-1.017,-0.85546,0.2855
-0.90727,-1.3492,0.059646,2.6192,-1.0194,-0.85567,0.28663
-0.9088,-1.3504,0.059306,2.6197,-1.0219,-0.8559,0.28786
-0.91031,-1.3516,0.058971,2.6203,-1.0244,-0.85613,0.28907
-0.91178,-1.3528,0.058642,2.6208,-1.0268,-0.85636,0.29026
-0.91323,-1.3539,0.058317,2.6213,-1.0292,-0.85658,0.29143
-0.91465,-1.355,0.057998,2.6218,-1.0316,-0.8568,0.29258
-0.91617,-1.3562,0.057654,2.6223,-1.0341,-0.85704,0.29382
-0.91766,-1.3574,0.057315,2.6229,-1.0366,-0.85728,0.29503
-0.91913,-1.3585,0.056982,2.6234,-1.039,-0.85751,0.29622
-0.92056,-1.3597,0.056654,2.6239,-1.0414,-0.85775,0.2974
-0.92197,-1.3608,0.056331,2.6243,-1.0438,-0.85797,0.29855
-0.92347,-1.3619,0.055985,2.6248,-1.0463,-0.85822,0.29978
-0.92495,-1.3631,0.055644,2.6253,-1.0487,-0.85846,0.301
-0.9264,-1.3642,0.055308,2.6258,-1.0512,-0.8587,0.30219
-0.92782,-1.3653,0.054978,2.6263,-1.0535,-0.85894,0.30336
-0.92932,-1.3665,0.054628,2.6268,-1.056,-0.85919,0.3046
-0.93079,-1.3676,0.054284,2.6272,-1.0585,-0.85944,0.30582
-0.93223,-1.3688,0.053945,2.6277,-1.0609,-0.85969,0.30701
-0.93364,-1.3698,0.053611,2.6282,-1.0633,-0.85993,0.30819
-0.93513,-1.371,0.053259,2.6286,-1.0658,-0.86019,0.30943
-0.93658,-1.3721,0.052912,2.6291,-1.0683,-0.86045,0.31064
-0.93801,-1.3732,0.052571,2.6295,-1.0707,-0.8607,0.31184
-0.9395,-1.3744,0.052215,2.63,-1.0732,-0.86096,0.31309
-0.94096,-1.3755,0.051864,2.6304,-1.0756,-0.86123,0.31431
-0.94239,-1.3766,0.051519,2.6309,-1.0781,-0.86149,0.31551
-0.94388,-1.3778,0.05116,2.6313,-1.0806,-0.86176,0.31676
-0.94533,-1.3789,0.050807,2.6318,-1.083,-0.86202,0.31799
-0.94676,-1.38,0.050459,2.6322,-1.0855,-0.86229,0.3192
-0.94824,-1.3811,0.050097,2.6326,-1.088,-0.86256,0.32045
-0.94969,-1.3822,0.049741,2.633,-1.0904,-0.86284,0.32168
-0.95111,-1.3833,0.049391,2.6335,-1.0929,-0.86311,0.32289
-0.95258,-1.3845,0.049028,2.6339,-1.0954,-0.86339,0.32414
-0.95402,-1.3856,0.048671,2.6343,-1.0978,-0.86367,0.32537
-0.95543,-1.3866,0.04832,2.6347,-1.1002,-0.86394,0.32657
-0.95688,-1.3877,0.047956,2.6351,-1.1027,-0.86423,0.32782
-0.95831,-1.3888,0.047598,2.6355,-1.1051,-0.86451,0.32904
-0.95977,-1.3899,0.047231,2.6359,-1.1076,-0.8648,0.33029
-0.9612,-1.391,0.046871,2.6363,-1.1101,-0.86508,0.33152
-0.96266,-1.3921,0.046501,2.6367,-1.1126,-0.86538,0.33278
-0.96409,-1.3932,0.046137,2.637,-1.115,-0.86567,0.33402
-0.96555,-1.3943,0.045765,2.6374,-1.1175,-0.86597,0.33528
-0.96698,-1.3954,0.045399,2.6378,-1.12,-0.86627,0.33651
-0.96844,-1.3965,0.045026,2.6382,-1.1225,-0.86657,0.33777
-0.96986,-1.3976,0.044659,2.6386,-1.1249,-0.86687,0.33901
-0.97131,-1.3987,0.044284,2.6389,-1.1274,-0.86718,0.34027
-0.97274,-1.3998,0.043916,2.6393,-1.1299,-0.86748,0.34151
-0.97418,-1.4009,0.043541,2.6396,-1.1324,-0.86779,0.34276
-0.97563,-1.402,0.043161,2.64,-1.1349,-0.86811,0.34403
-0.97706,-1.403,0.042788,2.6404,-1.1373,-0.86842,0.34528
-0.9785,-1.4041,0.042409,2.6407,-1.1398,-0.86874,0.34654
-0.97995,-1.4052,0.042027,2.6411,-1.1423,-0.86906,0.34781
-0.98137,-1.4063,0.04165,2.6414,-1.1448,-0.86938,0.34906
-0.98281,-1.4073,0.04127,2.6417,-1.1473,-0.8697,0.35032
-0.98425,-1.4084,0.040885,2.6421,-1.1498,-0.87003,0.35159
-0.9857,-1.4095,0.040499,2.6424,-1.1523,-0.87036,0.35286
-0.98712,-1.4106,0.040118,2.6427,-1.1547,-0.87069,0.35412
-0.98855,-1.4116,0.039734,2.6431,-1.1572,-0.87102,0.35538
-0.98998,-1.4127,0.039349,2.6434,-1.1597,-0.87136,0.35664
-0.99141,-1.4138,0.038961,2.6437,-1.1622,-0.8717,0.35791
