6.0000    5.7093    4.9640    0.0003    0.0004
7.0000    5.2529    5.5366    0.0001    0.0004
8.0000    3.6999    4.4664    0.0001    0.0002
9.0000    2.3145    3.3750    0.0001    0.0001
10.0000    0.4818    4.3960    0.0001    0.0002
11.0000    3.1507    2.3829    0.0001    0.0001
12.0000    4.0633    0.9443    0.0001    0.0001
13.0000    2.6803    0.2684    0.0001    0.0001
14.0000    0.9483    0.7560    0.0002    0.0002
15.0000    3.7629   -2.0309    0.0001    0.0002
16.0000    1.6984   -2.0897    0.0001    0.0001
17.0000    0.0360   -2.8440    0.0001    0.0001
18.0000    0.9429   -5.4345    0.0002    0.0005
19.0000    2.5902   -5.5227    0.0000    0.0002
20.0000    2.0994   -3.9153    0.0001    0.0001

